faceface 0.674047 163 31 36 36
faceface 0.653461 164 31 36 36
faceface 0.602124 165 31 36 36
faceface 0.612622 13 125 43 43
faceface 0.612147 97 126 126 126
faceface 0.755487 93 130 126 126
faceface 0.860045 97 130 126 126
faceface 0.838539 100 130 126 126
faceface 0.774924 104 130 126 126
faceface 0.644332 107 130 126 126
faceface 0.612489 93 133 126 126
faceface 0.708126 97 133 126 126
faceface 0.748574 100 133 126 126
faceface 0.704206 104 133 126 126
faceface 0.636068 107 133 126 126
faceface 0.619153 93 137 126 126
faceface 0.664422 97 137 126 126
faceface 0.733975 100 137 126 126
faceface 0.71519 104 137 126 126
faceface 0.676632 107 137 126 126
faceface 0.673438 100 141 126 126
faceface 0.626997 107 141 126 126
faceface 0.722259 78 118 152 152
faceface 0.763684 86 118 152 152
faceface 0.715761 74 122 152 152
faceface 0.749493 78 122 152 152
faceface 0.854939 82 122 152 152
faceface 0.859137 86 122 152 152
faceface 0.800183 90 122 152 152
faceface 0.740118 95 122 152 152
faceface 0.611233 86 126 152 152
faceface 0.680485 90 126 152 152
faceface 0.630747 95 126 152 152
faceface 0.688157 86 135 152 152
faceface 0.653441 69 110 181 181
faceface 0.672695 69 115 181 181
faceface 0.606237 74 115 181 181
faceface 0.667766 78 115 181 181
faceface 0.610055 74 130 181 181
faceface 0.658274 52 102 217 217
faceface 0.671427 58 102 217 217
faceface 0.697856 64 102 217 217
faceface 0.61151 70 102 217 217
Picture1 0.610045 214 28 36 36
Picture1 0.62579 214 29 36 36
Picture1 0.602648 119 44 36 36
Picture1 0.629307 121 44 36 36
Picture1 0.619782 89 52 36 36
Picture1 0.628469 126 142 36 36
Picture1 0.639379 127 142 36 36
Picture1 0.606779 128 142 36 36
Picture1 0.610416 189 70 51 51
Picture1 0.639278 192 70 51 51
Picture1 0.623564 113 84 51 51
Picture1 0.656116 115 84 51 51
Picture1 0.624151 116 84 51 51
Picture1 0.611077 118 84 51 51
Picture1 0.647661 186 63 62 62
Picture1 0.651515 187 63 62 62
Picture1 0.693478 186 64 62 62
Picture1 0.734471 186 66 62 62
Picture1 0.67631 179 59 74 74
